optseq2
$Id: optseq2.c,v 2.22 2011/04/21 19:48:51 greve Exp $
NoSearch  = 0
nSearch  = 1000
nKeep    = 10
PctUpdate  = 10.000000
nCB1Opt  = 0
seed     = 779022
Ntp  = 440
TR   = 1
TPreScan   = 0
PSD Window   = 0 20 1
nEvTypes = 10
EvNo    Label Duration nRepsNom
 1      Cond1  4.000    4
 2      Cond2  4.000    4
 3      Cond3  4.000    4
 4      Cond4  4.000    4
 5      Cond5  4.000    4
 6      Cond6  4.000    4
 7      Cond7  4.000    4
 8      Cond8  4.000    4
 9      Cond9  4.000    4
10     Cond10  4.000    4
PctVarEvReps = 0
VarEvRepsPerCond = 0
PolyOrder = -1
tNullMax = 17
tNullMin = 6
AR1 = 0
No refractory penalty
Cost = eff
OutStem = PAR
Summary File = PAR.sum




Searched 1000 iterations for 0.018333 hours
Rate: 15.1515 iterations per second
Number of iterations since last substitution 182
Cost Avg/Std: 0.0124882 0.0005358
Max Eff Encountered:    0.0135401
Max VRFAvg Encountered: 2.73848
Eff of Nominal Ideal XtX: 0.0198272

Rank     Cost   ZCost NthIter  Eff   CB1Err   VRFAvg VRFStd VRFMin VRFMax VRFRng IXtXErr  
  1    0.0135   1.963    79   0.014 1.195000   2.74   0.29   1.93   4.00   2.07   1554.00
  2    0.0135   1.942     7   0.014 1.275000   2.74   0.30   1.94   3.67   1.74   1550.38
  3    0.0135   1.903   122   0.014 1.275000   2.73   0.28   2.00   3.68   1.67   1553.16
  4    0.0135   1.891   818   0.014 1.255000   2.73   0.29   1.98   4.00   2.02   1553.60
  5    0.0135   1.852   405   0.013 1.195000   2.73   0.29   1.96   3.68   1.72   1556.76
  6    0.0134   1.731   499   0.013 1.235000   2.72   0.32   1.96   3.67   1.71   1553.31
  7    0.0134   1.685   461   0.013 1.195000   2.71   0.31   1.93   3.70   1.78   1556.89
  8    0.0134   1.681   269   0.013 1.215000   2.71   0.32   1.92   3.67   1.75   1555.35
  9    0.0134   1.653   192   0.013 1.275000   2.71   0.32   1.94   3.68   1.74   1554.45
 10    0.0134   1.648   354   0.013 1.255000   2.71   0.32   1.85   3.67   1.82   1552.54

Ideal CB1 PMtx--------------------------
 0.10000   0.10000   0.10000   0.10000   0.10000   0.10000   0.10000   0.10000   0.10000   0.10000;
 0.10000   0.10000   0.10000   0.10000   0.10000   0.10000   0.10000   0.10000   0.10000   0.10000;
 0.10000   0.10000   0.10000   0.10000   0.10000   0.10000   0.10000   0.10000   0.10000   0.10000;
 0.10000   0.10000   0.10000   0.10000   0.10000   0.10000   0.10000   0.10000   0.10000   0.10000;
 0.10000   0.10000   0.10000   0.10000   0.10000   0.10000   0.10000   0.10000   0.10000   0.10000;
 0.10000   0.10000   0.10000   0.10000   0.10000   0.10000   0.10000   0.10000   0.10000   0.10000;
 0.10000   0.10000   0.10000   0.10000   0.10000   0.10000   0.10000   0.10000   0.10000   0.10000;
 0.10000   0.10000   0.10000   0.10000   0.10000   0.10000   0.10000   0.10000   0.10000   0.10000;
 0.10000   0.10000   0.10000   0.10000   0.10000   0.10000   0.10000   0.10000   0.10000   0.10000;
 0.10000   0.10000   0.10000   0.10000   0.10000   0.10000   0.10000   0.10000   0.10000   0.10000;
Schedule 1 CB1 PMtx--------------------------
 0.00000   0.00000   0.00000   0.25000   0.00000   0.00000   0.00000   0.25000   0.25000   0.25000;
 0.25000   0.00000   0.00000   0.25000   0.00000   0.25000   0.25000   0.00000   0.00000   0.00000;
 0.25000   0.25000   0.00000   0.00000   0.00000   0.00000   0.00000   0.00000   0.25000   0.25000;
 0.00000   0.00000   0.00000   0.00000   0.00000   0.25000   0.25000   0.00000   0.25000   0.00000;
 0.00000   0.25000   0.00000   0.00000   0.25000   0.00000   0.25000   0.25000   0.00000   0.00000;
 0.00000   0.25000   0.25000   0.00000   0.25000   0.00000   0.00000   0.00000   0.25000   0.00000;
 0.00000   0.00000   0.25000   0.25000   0.00000   0.25000   0.00000   0.00000   0.00000   0.25000;
 0.25000   0.00000   0.00000   0.00000   0.00000   0.25000   0.25000   0.25000   0.00000   0.00000;
 0.00000   0.00000   0.25000   0.25000   0.25000   0.00000   0.00000   0.25000   0.00000   0.00000;
 0.25000   0.25000   0.25000   0.00000   0.25000   0.00000   0.00000   0.00000   0.00000   0.00000;
Schedule 2 CB1 PMtx--------------------------
 0.00000   0.00000   0.00000   0.25000   0.25000   0.00000   0.00000   0.25000   0.00000   0.25000;
 0.00000   0.00000   0.00000   0.00000   0.25000   0.25000   0.25000   0.00000   0.25000   0.00000;
 0.00000   0.00000   0.00000   0.50000   0.00000   0.25000   0.25000   0.00000   0.00000   0.00000;
 0.00000   0.00000   0.00000   0.00000   0.00000   0.25000   0.25000   0.25000   0.25000   0.00000;
 0.50000   0.00000   0.00000   0.25000   0.00000   0.00000   0.00000   0.00000   0.00000   0.25000;
 0.25000   0.00000   0.25000   0.00000   0.00000   0.00000   0.00000   0.25000   0.25000   0.00000;
 0.25000   0.25000   0.00000   0.00000   0.25000   0.00000   0.00000   0.00000   0.25000   0.00000;
 0.00000   0.00000   0.50000   0.00000   0.00000   0.25000   0.00000   0.00000   0.00000   0.25000;
 0.00000   0.25000   0.00000   0.00000   0.00000   0.00000   0.00000   0.25000   0.00000   0.25000;
 0.00000   0.50000   0.25000   0.00000   0.00000   0.00000   0.25000   0.00000   0.00000   0.00000;
Schedule 3 CB1 PMtx--------------------------
 0.00000   0.00000   0.25000   0.00000   0.00000   0.00000   0.25000   0.00000   0.00000   0.25000;
 0.00000   0.25000   0.00000   0.00000   0.25000   0.25000   0.00000   0.00000   0.00000   0.25000;
 0.25000   0.25000   0.00000   0.00000   0.00000   0.00000   0.00000   0.25000   0.25000   0.00000;
 0.00000   0.00000   0.00000   0.00000   0.25000   0.25000   0.25000   0.00000   0.00000   0.25000;
 0.25000   0.25000   0.00000   0.25000   0.00000   0.00000   0.25000   0.00000   0.00000   0.00000;
 0.00000   0.00000   0.00000   0.25000   0.00000   0.00000   0.00000   0.25000   0.50000   0.00000;
 0.00000   0.00000   0.50000   0.25000   0.00000   0.25000   0.00000   0.00000   0.00000   0.00000;
 0.00000   0.00000   0.00000   0.00000   0.00000   0.00000   0.25000   0.50000   0.25000   0.00000;
 0.00000   0.00000   0.00000   0.25000   0.25000   0.25000   0.00000   0.00000   0.00000   0.25000;
 0.50000   0.25000   0.25000   0.00000   0.00000   0.00000   0.00000   0.00000   0.00000   0.00000;
Schedule 4 CB1 PMtx--------------------------
 0.25000   0.00000   0.00000   0.25000   0.00000   0.00000   0.00000   0.00000   0.25000   0.00000;
 0.00000   0.00000   0.00000   0.25000   0.25000   0.00000   0.00000   0.00000   0.25000   0.25000;
 0.25000   0.00000   0.00000   0.00000   0.00000   0.25000   0.00000   0.25000   0.00000   0.25000;
 0.00000   0.00000   0.00000   0.00000   0.25000   0.25000   0.25000   0.00000   0.25000   0.00000;
 0.00000   0.00000   0.25000   0.00000   0.25000   0.00000   0.00000   0.00000   0.25000   0.25000;
 0.00000   0.50000   0.00000   0.00000   0.25000   0.00000   0.00000   0.25000   0.00000   0.00000;
 0.25000   0.00000   0.50000   0.00000   0.00000   0.25000   0.00000   0.00000   0.00000   0.00000;
 0.00000   0.25000   0.00000   0.00000   0.00000   0.25000   0.50000   0.00000   0.00000   0.00000;
 0.00000   0.25000   0.25000   0.25000   0.00000   0.00000   0.00000   0.25000   0.00000   0.00000;
 0.25000   0.00000   0.00000   0.00000   0.00000   0.00000   0.25000   0.25000   0.00000   0.25000;
Schedule 5 CB1 PMtx--------------------------
 0.00000   0.00000   0.25000   0.00000   0.25000   0.00000   0.00000   0.00000   0.25000   0.00000;
 0.00000   0.00000   0.00000   0.25000   0.00000   0.25000   0.25000   0.00000   0.25000   0.00000;
 0.25000   0.25000   0.25000   0.00000   0.00000   0.00000   0.00000   0.00000   0.00000   0.25000;
 0.00000   0.00000   0.00000   0.25000   0.25000   0.00000   0.00000   0.25000   0.25000   0.00000;
 0.00000   0.25000   0.00000   0.25000   0.00000   0.00000   0.00000   0.25000   0.00000   0.25000;
 0.00000   0.00000   0.00000   0.25000   0.00000   0.25000   0.25000   0.25000   0.00000   0.00000;
 0.25000   0.00000   0.00000   0.00000   0.00000   0.25000   0.25000   0.00000   0.00000   0.25000;
 0.00000   0.25000   0.25000   0.00000   0.25000   0.00000   0.00000   0.00000   0.00000   0.25000;
 0.25000   0.00000   0.00000   0.00000   0.25000   0.25000   0.00000   0.25000   0.00000   0.00000;
 0.25000   0.25000   0.25000   0.00000   0.00000   0.00000   0.25000   0.00000   0.00000   0.00000;
Schedule 6 CB1 PMtx--------------------------
 0.00000   0.00000   0.00000   0.25000   0.00000   0.25000   0.00000   0.25000   0.25000   0.00000;
 0.25000   0.25000   0.00000   0.00000   0.25000   0.00000   0.00000   0.00000   0.25000   0.00000;
 0.00000   0.25000   0.00000   0.00000   0.25000   0.00000   0.00000   0.25000   0.25000   0.00000;
 0.00000   0.00000   0.00000   0.50000   0.25000   0.25000   0.00000   0.00000   0.00000   0.00000;
 0.00000   0.25000   0.00000   0.00000   0.00000   0.00000   0.25000   0.00000   0.00000   0.25000;
 0.25000   0.25000   0.25000   0.00000   0.00000   0.00000   0.25000   0.00000   0.00000   0.00000;
 0.25000   0.00000   0.25000   0.00000   0.25000   0.00000   0.00000   0.00000   0.00000   0.25000;
 0.00000   0.00000   0.25000   0.25000   0.00000   0.25000   0.25000   0.00000   0.00000   0.00000;
 0.25000   0.00000   0.25000   0.00000   0.00000   0.25000   0.00000   0.00000   0.00000   0.25000;
 0.00000   0.00000   0.00000   0.00000   0.00000   0.00000   0.25000   0.50000   0.25000   0.00000;
Schedule 7 CB1 PMtx--------------------------
 0.25000   0.00000   0.25000   0.00000   0.00000   0.25000   0.00000   0.25000   0.00000   0.00000;
 0.00000   0.00000   0.25000   0.00000   0.00000   0.00000   0.00000   0.25000   0.00000   0.25000;
 0.25000   0.00000   0.00000   0.25000   0.25000   0.00000   0.00000   0.25000   0.00000   0.00000;
 0.25000   0.25000   0.00000   0.00000   0.00000   0.25000   0.25000   0.00000   0.00000   0.00000;
 0.25000   0.25000   0.00000   0.25000   0.00000   0.00000   0.25000   0.00000   0.00000   0.00000;
 0.00000   0.00000   0.25000   0.00000   0.25000   0.25000   0.00000   0.00000   0.25000   0.00000;
 0.00000   0.00000   0.00000   0.25000   0.00000   0.00000   0.25000   0.00000   0.25000   0.25000;
 0.00000   0.00000   0.25000   0.00000   0.25000   0.00000   0.00000   0.00000   0.25000   0.25000;
 0.00000   0.25000   0.00000   0.25000   0.25000   0.00000   0.00000   0.25000   0.00000   0.00000;
 0.00000   0.00000   0.00000   0.00000   0.00000   0.25000   0.25000   0.00000   0.25000   0.25000;
Schedule 8 CB1 PMtx--------------------------
 0.00000   0.25000   0.00000   0.00000   0.00000   0.25000   0.25000   0.00000   0.00000   0.25000;
 0.25000   0.00000   0.25000   0.00000   0.00000   0.25000   0.25000   0.00000   0.00000   0.00000;
 0.00000   0.00000   0.25000   0.00000   0.25000   0.00000   0.00000   0.25000   0.00000   0.25000;
 0.00000   0.00000   0.25000   0.25000   0.25000   0.00000   0.25000   0.00000   0.00000   0.00000;
 0.00000   0.00000   0.00000   0.00000   0.00000   0.00000   0.25000   0.50000   0.25000   0.00000;
 0.00000   0.25000   0.00000   0.25000   0.25000   0.00000   0.00000   0.00000   0.00000   0.00000;
 0.25000   0.25000   0.00000   0.00000   0.00000   0.25000   0.00000   0.00000   0.25000   0.00000;
 0.00000   0.00000   0.25000   0.00000   0.00000   0.25000   0.00000   0.25000   0.25000   0.00000;
 0.25000   0.25000   0.00000   0.25000   0.25000   0.00000   0.00000   0.00000   0.00000   0.00000;
 0.25000   0.00000   0.00000   0.25000   0.00000   0.00000   0.00000   0.00000   0.25000   0.25000;
Schedule 9 CB1 PMtx--------------------------
 0.00000   0.25000   0.00000   0.25000   0.00000   0.00000   0.25000   0.00000   0.00000   0.25000;
 0.25000   0.00000   0.00000   0.25000   0.25000   0.00000   0.00000   0.00000   0.00000   0.25000;
 0.00000   0.00000   0.00000   0.00000   0.00000   0.00000   0.25000   0.00000   0.50000   0.00000;
 0.00000   0.00000   0.00000   0.00000   0.25000   0.25000   0.25000   0.00000   0.00000   0.25000;
 0.00000   0.25000   0.00000   0.00000   0.25000   0.25000   0.00000   0.00000   0.00000   0.25000;
 0.00000   0.00000   0.25000   0.25000   0.25000   0.25000   0.00000   0.00000   0.00000   0.00000;
 0.00000   0.00000   0.25000   0.25000   0.00000   0.25000   0.00000   0.00000   0.25000   0.00000;
 0.25000   0.25000   0.50000   0.00000   0.00000   0.00000   0.00000   0.00000   0.00000   0.00000;
 0.00000   0.25000   0.00000   0.00000   0.00000   0.00000   0.00000   0.50000   0.25000   0.00000;
 0.25000   0.00000   0.00000   0.00000   0.00000   0.00000   0.25000   0.50000   0.00000   0.00000;
Schedule 10 CB1 PMtx--------------------------
 0.00000   0.25000   0.00000   0.00000   0.25000   0.00000   0.00000   0.00000   0.00000   0.25000;
 0.25000   0.00000   0.00000   0.00000   0.00000   0.00000   0.00000   0.25000   0.25000   0.25000;
 0.00000   0.00000   0.00000   0.50000   0.00000   0.25000   0.00000   0.25000   0.00000   0.00000;
 0.25000   0.00000   0.00000   0.25000   0.25000   0.00000   0.00000   0.00000   0.25000   0.00000;
 0.25000   0.00000   0.25000   0.00000   0.00000   0.25000   0.00000   0.25000   0.00000   0.00000;
 0.00000   0.25000   0.00000   0.25000   0.00000   0.00000   0.25000   0.00000   0.00000   0.25000;
 0.00000   0.00000   0.00000   0.00000   0.00000   0.25000   0.00000   0.25000   0.50000   0.00000;
 0.00000   0.00000   0.50000   0.00000   0.25000   0.00000   0.25000   0.00000   0.00000   0.00000;
 0.00000   0.25000   0.25000   0.00000   0.00000   0.00000   0.25000   0.00000   0.00000   0.25000;
 0.25000   0.25000   0.00000   0.00000   0.25000   0.25000   0.00000   0.00000   0.00000   0.00000;
